6.381380795388787985e+06
6.391767906303158961e+06
6.402167648268699646e+06
6.412586336810993031e+06
6.423030287455624901e+06
6.433505815728176385e+06
6.444019237154235132e+06
6.454576867259384133e+06
6.465185021569208242e+06
6.475850015609289519e+06
6.486578164905215614e+06
6.497375784982569516e+06
6.508249191366935149e+06
6.519204699583896436e+06
6.530248625159039162e+06
6.541387283617947251e+06
6.552626990486204624e+06
6.563974061289394274e+06
6.575434811553102918e+06
6.587015556802914478e+06
6.598722612564412877e+06
6.610562294363180175e+06
6.622525127170782536e+06
6.631656934836653993e+06
6.636111499007967301e+06
6.636111499007967301e+06
6.631656934836653993e+06
6.622525127170781605e+06
6.610562294363181107e+06
6.598722612564411946e+06
6.587015556802913547e+06
6.575434811553103849e+06
6.563974061289394274e+06
6.552626990486203693e+06
6.541387283617947251e+06
6.530248625159039162e+06
6.519204699583896436e+06
6.508249191366935149e+06
6.497375784982569516e+06
6.486578164905216545e+06
6.475850015609289519e+06
6.465185021569207311e+06
6.454576867259384133e+06
6.444019237154234201e+06
6.433505815728176385e+06
6.423030287455623038e+06
6.412586336810993031e+06
6.402167648268698715e+06
6.391767906303158030e+06
6.381380795388787054e+06
