6.380348214666507207e+06
6.390950677923461422e+06
6.404013294057321735e+06
6.420742533473490737e+06
6.442344984313638881e+06
6.470026942989013158e+06
6.502103650655572303e+06
6.530134606922337785e+06
6.554766607853138819e+06
6.575913052260243334e+06
6.593445303494258784e+06
6.607896613510385156e+06
6.621176231661865488e+06
6.634174895994674414e+06
6.644334861900957301e+06
6.652690091105232015e+06
6.661156663325092755e+06
6.667644181768322363e+06
6.672988209896556102e+06
6.676444436368681490e+06
6.682011500927630812e+06
6.685610017536026426e+06
6.688085560384436511e+06
6.688408485395940952e+06
6.678832536816192791e+06
6.685626165923960507e+06
6.681579775175479241e+06
6.688502818671624176e+06
6.681068738973281346e+06
6.674912226448388770e+06
6.678617529913340695e+06
6.678189615351476707e+06
6.670776090478687547e+06
6.661366602645567618e+06
6.651110585601367056e+06
6.638512834687177092e+06
6.625817753439908847e+06
6.616206247252834961e+06
6.608807040445487015e+06
6.599074046149071306e+06
6.583571472527293488e+06
6.562464755497880280e+06
6.537086716939612292e+06
6.508155093724511564e+06
6.475147652459077537e+06
6.446563310966423713e+06
6.424089731385034509e+06
6.406509802893441170e+06
6.392608915306692943e+06
6.381175417208273895e+06
