6.466293685687089339e+06
6.569619107918733731e+06
6.677630371778825298e+06
6.701282290856979787e+06
7.371512918476346880e+06
8.893368308942724019e+06
9.204807831290950999e+06
9.334524567331140861e+06
9.424097011528464034e+06
9.442633121886502951e+06
9.296156026729661971e+06
8.752017502998512238e+06
7.664754606452995911e+06
5.839341064611448906e+06
6.195908115266672336e+06
6.175438835482043214e+06
1.119706056034736894e+07
-4.726847687916374765e+06
-6.428831429428644478e+05
7.864606273429812863e+06
6.014368319657495245e+06
6.989653352366379462e+06
5.379724548799926415e+06
5.437422937365864404e+06
5.996020102043639868e+06
6.620087939042128623e+06
6.521429947201372124e+06
6.755948745127918199e+06
6.791645171518919989e+06
7.614369798185741529e+06
5.377158239435813390e+06
4.474921930500549264e+06
6.977500244130186737e+06
-1.208580550846316665e+08
5.669178775441527367e+08
6.919840715152548552e+08
7.154396217911999226e+08
6.759111938586915731e+08
6.741458757453207970e+08
6.009713810361919403e+08
5.649481064531303644e+08
9.468672997800211906e+08
1.411119855418362617e+09
8.187287444643032551e+08
4.836138148927774429e+08
1.271414126707354784e+08
-1.539360286146838218e+07
-2.971291903162943199e+06
2.346361081176476087e+06
3.875138145787981804e+06
