2.512310859048738979e-02
1.600949285971000821e-02
2.090959350019693311e-02
1.905837824149057141e-02
1.948203879408538439e-02
1.931144864810630662e-02
1.929691353207453955e-02
1.924048731243237914e-02
1.919485061243176444e-02
1.913569834269583311e-02
1.907811456965282509e-02
1.890570839308202203e-02
1.824740288686007433e-02
1.564343699812889218e-02
6.838977960404008481e-03
-1.865104053542018109e-02
-8.167527550319209073e-02
-2.169401082140393622e-01
-4.675437310482375430e-01
-8.726927160932682614e-01
-1.453484199735336047e+00
-1.970072090724948710e+00
-2.415066048406995680e+00
-2.483967471545561967e+00
-2.443280584170948622e+00
-2.391799605499021819e+00
-2.159596817483659947e+00
-1.721312836292665516e+00
-1.232722898147534663e+00
-8.227221221737563983e-01
-4.804018780793994914e-01
-2.472094969167374090e-01
-1.073489815904758865e-01
-3.398421119619161185e-02
-4.093067292124033117e-04
1.284117508539930029e-02
1.733119838126003648e-02
1.864439075952395788e-02
1.898299770383164373e-02
1.909023471595719390e-02
1.913721915474161581e-02
1.919499544473364863e-02
1.924049848318100039e-02
1.929691399261355272e-02
1.931144870072603117e-02
1.948203878523781934e-02
1.905837824475020009e-02
2.090959349786862889e-02
1.600949285924434598e-02
2.512310859141871425e-02
