3.237303900718688926e-02
-1.783974719047546342e-01
-4.853270390033722070e-01
-6.833351528644562300e-01
1.679682731628418055e-03
4.747020480632782036e-01
8.439806818962097834e-02
5.589762282371520813e-02
3.745913331508636257e-01
6.785993480682372958e-01
5.145382342338562509e-01
-2.509297022819518830e-01
1.826343194246292212e+00
-4.782009916305541841e-01
6.029077723026275981e-01
-1.317581226587295484e+00
2.403531690597534354e+00
-2.044897821664810156e+00
-5.307982084751129426e-01
6.864278655052185041e-01
-5.195560070037841705e+00
3.863493870973587097e+00
-1.569085853576660083e+00
-8.881869359016418830e-01
4.178061821460724024e-01
-9.184676644802093337e-01
3.083832183122634962e+00
-2.739028363418579204e+01
-5.272956866979598978e+00
3.367915715932845888e+00
-2.814993443489074432e-01
-7.727635126113892028e-01
1.480110133171081532e+00
-2.391136217832565247e+00
1.268535302162170364e+00
-4.226013748645782719e-01
1.528915526628494170e+00
-9.707863681316375448e-01
1.222507296800613430e+00
-7.007964169979095104e-01
-1.545493217945098863e+00
-1.880669612884521558e-01
3.776467082738876435e+00
-6.954486415147781209e+00
2.589328513789176966e+01
-1.003780031061172480e+02
-4.721339901700019936e+02
4.697292045974731423e+01
-1.342425857901573139e+01
2.461129089117050306e+00
