1.480159860476851393e-02
-2.794600898399949001e-03
-7.736163646448403382e-03
-1.730925445025786880e-02
-2.796967611322179539e-02
-1.586100341752171364e-02
5.487686703680082906e-02
4.226460023270919852e-02
1.884041416132822486e-02
-5.866351782996207659e-02
-2.091263614688068651e-01
-4.084967436566949162e-01
-6.161373213501647461e-01
-7.842810984211974201e-01
-9.243977519236504792e-01
-1.035417272666003585e+00
-1.031832556512206844e+00
-1.059188240698073047e+00
-1.035637919298373122e+00
-1.051350529226940056e+00
-1.006430019582156055e+00
-7.850266649811528108e-01
-7.291509638736024534e-01
-6.905403985856101157e-01
-9.812765991622581785e-01
-5.997149364044890296e-01
-7.690893455427140202e-01
-5.057865169178694664e-01
-6.276920172013342736e-01
-7.288242236864752588e-01
-5.482981093334965417e-01
-4.947333924593403931e-01
-5.382556490418500816e-01
-5.430074599436484073e-01
-4.964951267647557120e-01
-4.396045059422031276e-01
-3.665483905430882983e-01
-2.740294639989733771e-01
-1.699859732105396815e-01
-7.363612517761065901e-02
-4.206023873295635165e-03
3.171560737350955644e-02
4.351613428816199225e-02
5.490906323352828800e-02
-1.586372069874778315e-02
-2.797238534595817422e-02
-1.731131244590505824e-02
-7.737165199127048025e-03
-2.797564115840941654e-03
1.479922395385801712e-02
